#all right-handed
w:-0.0146847;x:-0.0064972;y:-0.9994298;z:-0.0297027
X:0 Y:-16.5 Z:28.2
